[LEFT_CAM_2K]
fx=1544.35
fy=1543.84
cx=1107.98
cy=622.708
k1=-0.0340837
k2=0.0154457
k3=0.00337671
k4=-0.00378103

[RIGHT_CAM_2K]
fx=1547.46
fy=1547.07
cx=1098
cy=647.2
k1=-0.034939
k2=0.0220154
k3=-0.0100592
k4=0.00483121

[LEFT_CAM_FHD]
fx=1544.35
fy=1543.84
cx=963.98
cy=541.708
k1=-0.0340837
k2=0.0154457
k3=0.00337671
k4=-0.00378103

[RIGHT_CAM_FHD]
fx=1547.46
fy=1547.07
cx=954
cy=566.2
k1=-0.034939
k2=0.0220154
k3=-0.0100592
k4=0.00483121

[LEFT_CAM_HD]
fx=772.175
fy=771.92
cx=640.49
cy=359.354
k1=-0.0340837
k2=0.0154457
k3=0.00337671
k4=-0.00378103

[RIGHT_CAM_HD]
fx=773.73
fy=773.535
cx=635.5
cy=371.6
k1=-0.034939
k2=0.0220154
k3=-0.0100592
k4=0.00483121

[LEFT_CAM_VGA]
fx=386.0875
fy=385.96
cx=335.745
cy=187.177
k1=-0.0340837
k2=0.0154457
k3=0.00337671
k4=-0.00378103

[RIGHT_CAM_VGA]
fx=386.865
fy=386.7675
cx=333.25
cy=193.3
k1=-0.034939
k2=0.0220154
k3=-0.0100592
k4=0.00483121

[STEREO]
Baseline=62.9812
TY=0.0102655
TZ=0.322348
CV_2K=0.00259672
CV_FHD=0.00259672
CV_HD=0.00259672
CV_VGA=0.00259672
RX_2K=0.00158478
RX_FHD=0.00158478
RX_HD=0.00158478
RX_VGA=0.00158478
RZ_2K=0.0011051
RZ_FHD=0.0011051
RZ_HD=0.0011051
RZ_VGA=0.0011051

[MISC]
Sensor_ID=0


