kinematic_params:
  l1: 0.06
  l2: 0.065
  lo1: 0.015
  lo2: 0.015
  lo3: 0.025
  lo4: 0.015
  lf: 0.19
  wf: 0.09
  ls: 0.135
  lm: 0.06

inertial_params:
  m1: 0.2
  m2: 0.2
  m3: 0.2
  m4: 0.5
  I11: 8.968333333333334e-05
  I12: 5.153333333333334e-05
  I13: 0.00010268333333333333
  I21: 5.153333333333334e-05
  I22: 0.00010268333333333333
  I23: 8.968333333333334e-05
  I31: 5.153333333333334e-05
  I32: 8.968333333333334e-05
  I33: 0.00010268333333333333

gr: 0.0


